<?xml version="1.0"?>
<opencv_storage>
<hom type_id="opencv-matrix">
  <rows>3</rows>
  <cols>3</cols>
  <dt>d</dt>
  <data>
    5.8831291681213091e+00 -2.2627419877389571e-01
    -1.6771443613121210e+03 2.5026616153322251e-01
    5.0053232306644571e+00 -1.2348132410049213e+03
    -5.7357410814193701e-04 1.6678332309792415e-03 1.</data></hom>
</opencv_storage>
